0 1
1 1
2 1
3 1
4 2
5 1
6 1
7 3
8 3
9 1
10 1
11 4
12 6
13 4
14 1
15 1
16 5
17 10
18 10
19 5
20 1
21 1
22 6
23 15
24 20
25 15
26 6
27 1
28 1
29 7
30 21
31 35
32 35
33 21
34 7
35 1
36 1
37 8
38 28
39 56
40 69
41 56
42 28
43 8
44 1
45 1
46 9
47 36
48 84
49 121
50 121
51 84
52 36
53 9
54 1
55 1
56 10
57 45
58 120
59 195
60 226
61 195
62 120
63 45
64 10
65 1
66 1
67 11
68 55
69 165
70 295
71 381
72 381
73 295
74 165
75 55
76 11
77 1
78 1
79 12
80 66
81 220
82 425
83 596
84 662
85 596
86 425
87 220
88 66
89 12
90 1
91 1
92 13
93 78
94 286
95 589
96 881
97 1058
98 1058
99 881
100 589
101 286
102 78
103 13
104 1
105 1
106 14
107 91
108 364
109 791
110 1246
111 1589
112 1716
113 1589
114 1246
115 791
116 364
117 91
118 14
119 1
120 1
121 15
122 105
123 455
124 1035
125 1701
126 2275
127 2605
128 2605
129 2275
130 1701
131 1035
132 455
133 105
134 15
135 1
136 1
137 16
138 120
139 560
140 1325
141 2256
142 3136
143 3760
144 3985
145 3760
146 3136
147 2256
148 1325
149 560
150 120
151 16
152 1
153 1
154 17
155 136
156 680
157 1665
158 2921
159 4192
160 5216
161 5785
162 5785
163 5216
164 4192
165 2921
166 1665
167 680
168 136
169 17
170 1
171 1
172 18
173 153
174 816
175 2059
176 3706
177 5463
178 7008
179 8061
180 8434
181 8061
182 7008
183 5463
184 3706
185 2059
186 816
187 153
188 18
189 1
190 1
191 19
192 171
193 969
194 2511
195 4621
196 6969
197 9171
198 10869
199 11791
200 11791
201 10869
202 9171
203 6969
204 4621
205 2511
206 969
207 171
208 19
209 1
210 1
211 20
212 190
213 1140
214 3025
215 5676
216 8730
217 11740
218 14265
219 15940
220 16526
221 15940
222 14265
223 11740
224 8730
225 5676
226 3025
227 1140
228 190
229 20
230 1
231 1
232 21
233 210
234 1330
235 3605
236 6881
237 10766
238 14750
239 18305
240 20965
241 22386
242 22386
243 20965
244 18305
245 14750
246 10766
247 6881
248 3605
249 1330
250 210
251 21
252 1
253 1
254 22
255 231
256 1540
257 4255
258 8246
259 13097
260 18236
261 23045
262 26950
263 29491
264 30372
265 29491
266 26950
267 23045
268 18236
269 13097
270 8246
271 4255
272 1540
273 231
274 22
275 1
276 1
277 23
278 253
279 1771
280 4979
281 9781
282 15743
283 22233
284 28541
285 33979
286 37961
287 40063
288 40063
289 37961
290 33979
291 28541
292 22233
293 15743
294 9781
295 4979
296 1771
297 253
298 23
299 1
300 1
301 24
302 276
303 2024
304 5781
305 11496
306 18724
307 26776
308 34849
309 42136
310 47916
311 51624
312 52901
313 51624
314 47916
315 42136
316 34849
317 26776
318 18724
319 11496
320 5781
321 2024
322 276
323 24
324 1
325 1
326 25
327 300
328 2300
329 6665
330 13401
331 22060
332 31900
333 42025
334 51505
335 59476
336 65220
337 68225
338 68225
339 65220
340 59476
341 51505
342 42025
343 31900
344 22060
345 13401
346 6665
347 2300
348 300
349 25
350 1
351 1
352 26
353 325
354 2600
355 7635
356 15506
357 25771
358 37640
359 50125
360 62170
361 72761
362 81016
363 86255
364 88050
365 86255
366 81016
367 72761
368 62170
369 50125
370 37640
371 25771
372 15506
373 7635
374 2600
375 325
376 26
377 1
378 1
379 27
380 351
381 2925
382 8695
383 17821
384 29877
385 44031
386 59205
387 74215
388 87891
389 99177
390 107211
391 111385
392 111385
393 107211
394 99177
395 87891
396 74215
397 59205
398 44031
399 29877
400 17821
401 8695
402 2925
403 351
404 27
405 1
406 1
407 28
408 378
409 3276
410 9849
411 20356
412 34398
413 51108
414 69321
415 87724
416 104986
417 119868
418 131313
419 138516
420 140974
421 138516
422 131313
423 119868
424 104986
425 87724
426 69321
427 51108
428 34398
429 20356
430 9849
431 3276
432 378
433 28
434 1
435 1
436 29
437 406
438 3654
439 11101
440 23121
441 39354
442 58906
443 80529
444 102781
445 124166
446 143254
447 158781
448 169729
449 175386
450 175386
451 169729
452 158781
453 143254
454 124166
455 102781
456 80529
457 58906
458 39354
459 23121
460 11101
461 3654
462 406
463 29
464 1
465 1
466 30
467 435
468 4060
469 12455
470 26126
471 44765
472 67460
473 92885
474 119470
475 145551
476 169500
477 189835
478 205310
479 214985
480 218276
481 214985
482 205310
483 189835
484 169500
485 145551
486 119470
487 92885
488 67460
489 44765
490 26126
491 12455
492 4060
493 435
494 30
495 1
496 1
497 31
498 465
499 4495
500 13915
501 29381
502 50651
503 76805
504 106445
505 137875
506 169261
507 198771
508 224695
509 245545
510 260135
511 267641
512 267641
513 260135
514 245545
515 224695
516 198771
517 169261
518 137875
519 106445
520 76805
521 50651
522 29381
523 13915
524 4495
525 465
526 31
527 1
528 1
529 32
530 496
531 4960
532 15485
533 32896
534 57032
535 86976
536 121265
537 158080
538 195416
539 231232
540 263581
541 290720
542 311200
543 323936
544 328257
545 323936
546 311200
547 290720
548 263581
549 231232
550 195416
551 158080
552 121265
553 86976
554 57032
555 32896
556 15485
557 4960
558 496
559 32
560 1
561 1
562 33
563 528
564 5456
565 17169
566 36681
567 63928
568 98008
569 137401
570 180169
571 224136
572 267048
573 306713
574 341121
575 368544
576 387616
577 397393
578 397393
579 387616
580 368544
581 341121
582 306713
583 267048
584 224136
585 180169
586 137401
587 98008
588 63928
589 36681
590 17169
591 5456
592 528
593 33
594 1
595 1
596 34
597 561
598 5984
599 18971
600 40746
601 71359
602 109936
603 154909
604 204226
605 255541
606 306384
607 354311
608 397034
609 432531
610 459136
611 475609
612 481186
613 475609
614 459136
615 432531
616 397034
617 354311
618 306384
619 255541
620 204226
621 154909
622 109936
623 71359
624 40746
625 18971
626 5984
627 561
628 34
629 1
630 1
631 35
632 595
633 6545
634 20895
635 45101
636 79345
637 122795
638 173845
639 230335
640 289751
641 349405
642 406595
643 458745
644 503525
645 538951
646 563465
647 575995
648 575995
649 563465
650 538951
651 503525
652 458745
653 406595
654 349405
655 289751
656 230335
657 173845
658 122795
659 79345
660 45101
661 20895
662 6545
663 595
664 35
665 1
666 1
667 36
668 630
669 7140
670 22945
671 49756
672 87906
673 136620
674 194265
675 258580
676 326886
677 396276
678 463785
679 526540
680 581890
681 627516
682 661521
683 682500
684 689590
685 682500
686 661521
687 627516
688 581890
689 526540
690 463785
691 396276
692 326886
693 258580
694 194265
695 136620
696 87906
697 49756
698 22945
699 7140
700 630
701 36
702 1
703 1
704 37
705 666
706 7770
707 25125
708 54721
709 97062
710 151446
711 216225
712 289045
713 367066
714 447162
715 526101
716 600705
717 667990
718 725286
719 770337
720 801381
721 817210
722 817210
723 801381
724 770337
725 725286
726 667990
727 600705
728 526101
729 447162
730 367066
731 289045
732 216225
733 151446
734 97062
735 54721
736 25125
737 7770
738 666
739 37
740 1
741 1
742 38
743 703
744 8436
745 27439
746 60006
747 106833
748 167308
749 239781
750 321814
751 410411
752 502228
753 593763
754 681526
755 762189
756 832716
757 890473
758 933318
759 959671
760 968564
761 959671
762 933318
763 890473
764 832716
765 762189
766 681526
767 593763
768 502228
769 410411
770 321814
771 239781
772 167308
773 106833
774 60006
775 27439
776 8436
777 703
778 38
779 1
780 1
781 39
782 741
783 9139
784 29891
785 65621
786 117239
787 184241
788 264989
789 356971
790 457041
791 561639
792 666991
793 769289
794 864851
795 950261
796 1022489
797 1078991
798 1117789
799 1137531
800 1137531
801 1117789
802 1078991
803 1022489
804 950261
805 864851
806 769289
807 666991
808 561639
809 457041
810 356971
811 264989
812 184241
813 117239
814 65621
815 29891
816 9139
817 741
818 39
819 1
820 1
821 40
822 780
823 9880
824 32485
825 71576
826 128300
827 202280
828 291905
829 394600
830 507076
831 625560
832 746005
833 864280
834 976340
835 1078376
836 1166945
837 1239080
838 1292380
839 1325080
840 1336101
841 1325080
842 1292380
843 1239080
844 1166945
845 1078376
846 976340
847 864280
848 746005
849 625560
850 507076
851 394600
852 291905
853 202280
854 128300
855 71576
856 32485
857 9880
858 780
859 40
860 1
861 1
862 41
863 820
864 10660
865 35225
866 77881
867 140036
868 221460
869 320585
870 434785
871 560636
872 694156
873 831025
874 966785
875 1097020
876 1217516
877 1324401
878 1414265
879 1484260
880 1532180
881 1556521
882 1556521
883 1532180
884 1484260
885 1414265
886 1324401
887 1217516
888 1097020
889 966785
890 831025
891 694156
892 560636
893 434785
894 320585
895 221460
896 140036
897 77881
898 35225
899 10660
900 820
901 41
902 1
903 1
904 42
905 861
906 11480
907 38115
908 84546
909 152467
910 241816
911 351085
912 477610
913 617841
914 767592
915 922271
916 1077090
917 1227255
918 1368136
919 1495417
920 1605226
921 1694245
922 1759800
923 1799931
924 1813442
925 1799931
926 1759800
927 1694245
928 1605226
929 1495417
930 1368136
931 1227255
932 1077090
933 922271
934 767592
935 617841
936 477610
937 351085
938 241816
939 152467
940 84546
941 38115
942 11480
943 861
944 42
945 1
946 1
947 43
948 903
949 12341
950 41159
951 91581
952 165613
953 263383
954 383461
955 523159
956 678811
957 846033
958 1019963
959 1195481
960 1367409
961 1530691
962 1680553
963 1812643
964 1923151
965 2008909
966 2067471
967 2097173
968 2097173
969 2067471
970 2008909
971 1923151
972 1812643
973 1680553
974 1530691
975 1367409
976 1195481
977 1019963
978 846033
979 678811
980 523159
981 383461
982 263383
983 165613
984 91581
985 41159
986 12341
987 903
988 43
989 1
990 1
991 44
992 946
993 13244
994 44361
995 98996
996 179494
997 286196
998 417769
999 571516
1000 743666
1001 929644
1002 1124321
1003 1322244
1004 1517846
1005 1705636
1006 1880369
1007 2037196
1008 2171794
1009 2280476
1010 2360281
1011 2409044
1012 2425446
1013 2409044
1014 2360281
1015 2280476
1016 2171794
1017 2037196
1018 1880369
1019 1705636
1020 1517846
1021 1322244
1022 1124321
1023 929644
1024 743666
1025 571516
1026 417769
1027 286196
1028 179494
1029 98996
1030 44361
1031 13244
1032 946
1033 44
1034 1
1035 1
1036 45
1037 990
1038 14190
1039 47725
1040 106801
1041 194130
1042 310290
1043 454065
1044 622765
1045 812526
1046 1018590
1047 1235565
1048 1457665
1049 1678930
1050 1893426
1051 2095425
1052 2279565
1053 2440990
1054 2575470
1055 2679501
1056 2750385
1057 2786290
1058 2786290
1059 2750385
1060 2679501
1061 2575470
1062 2440990
1063 2279565
1064 2095425
1065 1893426
1066 1678930
1067 1457665
1068 1235565
1069 1018590
1070 812526
1071 622765
1072 454065
1073 310290
1074 194130
1075 106801
1076 47725
1077 14190
1078 990
1079 45
1080 1
1081 1
1082 46
1083 1035
1084 15180
1085 51255
1086 115006
1087 209541
1088 335700
1089 492405
1090 676990
1091 885511
1092 1113036
1093 1353915
1094 1602030
1095 1851025
1096 2094516
1097 2326281
1098 2540430
1099 2731555
1100 2894860
1101 3026271
1102 3122526
1103 3181245
1104 3200980
1105 3181245
1106 3122526
1107 3026271
1108 2894860
1109 2731555
1110 2540430
1111 2326281
1112 2094516
1113 1851025
1114 1602030
1115 1353915
1116 1113036
1117 885511
1118 676990
1119 492405
1120 335700
1121 209541
1122 115006
1123 51255
1124 15180
1125 1035
1126 46
1127 1
1128 1
1129 47
1130 1081
1131 16215
1132 54955
1133 123621
1134 225747
1135 362461
1136 532845
1137 734275
1138 962741
1139 1213147
1140 1479591
1141 1755625
1142 2034495
1143 2309361
1144 2573497
1145 2820471
1146 3044305
1147 3239615
1148 3401731
1149 3526797
1150 3611851
1151 3654885
1152 3654885
1153 3611851
1154 3526797
1155 3401731
1156 3239615
1157 3044305
1158 2820471
1159 2573497
1160 2309361
1161 2034495
1162 1755625
1163 1479591
1164 1213147
1165 962741
1166 734275
1167 532845
1168 362461
1169 225747
1170 123621
1171 54955
1172 16215
1173 1081
1174 47
1175 1
1176 1
1177 48
1178 1128
1179 17296
1180 58829
1181 132656
1182 242768
1183 390608
1184 575441
1185 794704
1186 1044336
1187 1319088
1188 1612813
1189 1918736
1190 2229704
1191 2538416
1192 2837633
1193 3120368
1194 3380056
1195 3610704
1196 3807021
1197 3964528
1198 4079648
1199 4149776
1200 4173329
1201 4149776
1202 4079648
1203 3964528
1204 3807021
1205 3610704
1206 3380056
1207 3120368
1208 2837633
1209 2538416
1210 2229704
1211 1918736
1212 1612813
1213 1319088
1214 1044336
1215 794704
1216 575441
1217 390608
1218 242768
1219 132656
1220 58829
1221 17296
1222 1128
1223 48
1224 1
1225 1
1226 49
1227 1176
1228 18424
1229 62881
1230 142121
1231 260624
1232 420176
1233 620249
1234 858361
1235 1130416
1236 1431024
1237 1753801
1238 2091649
1239 2437016
1240 2782136
1241 3119249
1242 3440801
1243 3739624
1244 4009096
1245 4243281
1246 4437049
1247 4586176
1248 4687424
1249 4738601
1250 4738601
1251 4687424
1252 4586176
1253 4437049
1254 4243281
1255 4009096
1256 3739624
1257 3440801
1258 3119249
1259 2782136
1260 2437016
1261 2091649
1262 1753801
1263 1431024
1264 1130416
1265 858361
1266 620249
1267 420176
1268 260624
1269 142121
1270 62881
1271 18424
1272 1176
1273 49
1274 1
1275 1
1276 50
1277 1225
1278 19600
1279 67115
1280 152026
1281 279335
1282 451200
1283 667325
1284 925330
1285 1221101
1286 1549120
1287 1902775
1288 2274650
1289 2656795
1290 3040976
1291 3418905
1292 3782450
1293 4123825
1294 4435760
1295 4711651
1296 4945690
1297 5132975
1298 5269600
1299 5352725
1300 5380626
1301 5352725
1302 5269600
1303 5132975
1304 4945690
1305 4711651
1306 4435760
1307 4123825
1308 3782450
1309 3418905
1310 3040976
1311 2656795
1312 2274650
1313 1902775
1314 1549120
1315 1221101
1316 925330
1317 667325
1318 451200
1319 279335
1320 152026
1321 67115
1322 19600
1323 1225
1324 50
1325 1
