Iterated Rascal Triangle R2: T(n,k)=sum_{m=0..2} binomial(n-k,m)*binomial(k,m)

1, 1, 1, 1, 2, 1, 1, 3, 3, 1, 1, 4, 6, 4, 1, 1, 5, 10, 10, 5, 1, 1, 6, 15, 19, 15, 6, 1, 1, 7, 21, 31, 31, 21, 7, 1, 1, 8, 28, 46, 53, 46, 28, 8, 1, 1, 9, 36, 64, 81, 81, 64, 36, 9, 1, 1, 10, 45, 85, 115, 126, 115, 85, 45, 10, 1, 1, 11, 55, 109, 155, 181, 181, 155, 109, 55, 11, 1, 1, 12, 66, 136, 201, 246, 262, 246, 201, 136, 66, 12, 1, 1, 13, 78, 166, 253, 321, 358, 358, 321, 253, 166, 78, 13, 1, 1, 14, 91, 199, 311, 406, 469, 491, 469, 406, 311, 199, 91, 14, 1, 1, 15, 105, 235, 375, 501, 595, 645, 645, 595, 501, 375, 235, 105, 15, 1

T(n,k) = 1 + k (n-k) + 1/4*(k-1)*k*(n-k-1)*(n-k)
n/k 0   1   2   3   4   5   6   7   8   9   10
0   1										
1   1	1									
2   1	2	1								
3   1	3	3	1							
4   1	4	6	4	1						
5   1	5	10	10	5	1					
6   1	6	15	19	15	6	1				
7   1	7	21	31	31	21	7	1			
8   1	8	28	46	53	46	28	8	1		
9   1	9	36	64	81	81	64	36	9	1	
10  1	10	45	85	115	126	115	85	45	10	1